闯关
;1063,585,221,131,23
闯关
;1063,585,221,131,23
跳过
;1215,114,229,146,22
跳过
;1215,114,229,146,22
自动
;1183,102,22,82,112
自动
;1183,102,22,82,112
跳过
;1208,119,53,145,213
跳过
;1208,119,53,145,213
点击继续
;756,629,252,253,254
点击继续
;756,629,252,253,254
再次挑战
;1019,588,211,145,46
再次挑战
;1019,588,211,145,46
健康系统
;900,472,197,40,81
健康系统
;900,472,197,40,81
连接失败-重新连接
;700,458,226,160,45
连接失败-重新连接
;700,458,226,160,45
对战模式
;542,507,150,198,223
对战模式
;542,507,150,198,223
冒险模式
;921,507,221,179,163
冒险模式
;921,507,221,179,163
堕落的祸源
;720,450,103,62,23
堕落的祸源
;720,450,103,62,23
下一步
;1027,586,66,148,206
下一步
;1027,586,66,148,206
